$ 1 0.000005 10.20027730826997 50 5 43 5e-11
v 32 272 32 160 0 0 40 5 0 0 0.5
r 192 224 192 320 0 1000
r 320 224 320 320 0 1000
r 416 224 416 320 0 1000
w 32 160 32 112 0
w 416 112 416 224 0
w 416 320 416 384 0
w 192 224 256 224 0
w 256 224 320 224 0
w 32 272 32 384 0
g 32 384 32 432 0 0
w 416 384 256 384 0
w 256 320 256 384 0
w 256 320 192 320 0
w 256 320 320 320 0
w 256 384 32 384 0
p 256 240 256 320 3 0 0 10000000
w 256 240 256 224 0
370 96 112 176 112 3 0 0
w 32 112 96 112 0
w 176 112 256 112 0
370 304 112 384 112 3 0 0
w 304 112 256 112 0
w 384 112 416 112 0
r 256 112 256 224 0 1000
r 640 160 640 288 0 1500

