$ 1 0.000005 10.20027730826997 50 5 43 5e-11
v 80 208 80 160 0 0 40 20 0 0 0.5
v 208 208 288 144 0 0 40 5 0 0 0.5
r 400 128 448 192 0 10
r 320 208 384 208 0 4
r 208 208 256 256 0 5
v 416 256 464 208 0 0 40 8 0 0 0.5
w 80 160 80 80 0
w 80 80 304 80 0
w 288 144 368 80 0
w 304 80 368 80 0
w 368 80 400 128 0
w 384 208 464 208 0
w 448 192 464 208 0
w 256 256 320 320 0
w 80 208 80 304 0
w 80 320 320 320 0
w 80 304 80 320 0
370 272 208 304 208 3 0 0
w 304 208 320 208 0
w 272 208 208 208 0
370 384 288 352 304 3 0 0
w 384 288 416 256 0
w 352 304 320 320 0
