$ 1 0.000005 10.20027730826997 50 5 43 5e-11
v 128 288 128 224 0 0 40 0.5 0 0 0.5
r 256 128 352 128 0 1000
162 496 192 496 272 2 default-led 1 0 0 0.01
w 128 224 128 144 0
w 128 144 128 128 0
w 128 128 256 128 0
w 496 128 496 192 0
w 496 272 496 336 0
w 128 288 128 336 0
w 128 336 496 336 0
p 272 208 336 208 3 0 0 10000000
p 176 224 176 288 3 0 0 10000000
w 176 224 128 224 0
w 176 288 128 288 0
w 272 208 256 128 0
w 336 208 352 128 0
370 400 128 464 128 3 0 0
w 400 128 352 128 0
w 464 128 496 128 0
